{
 "cells": [
  {
   "cell_type": "code",
   "execution_count": 1,
   "metadata": {},
   "outputs": [],
   "source": [
    "import numpy as np\n",
    "import scipy as sp"
   ]
  },
  {
   "cell_type": "code",
   "execution_count": 2,
   "metadata": {},
   "outputs": [],
   "source": [
    "n=8\n",
    "A=np.zeros((n,n))\n",
    "for i in range(0,n):\n",
    "    for j in range(0,n):\n",
    "        A[i,j]=1/(i+j+1)"
   ]
  },
  {
   "cell_type": "code",
   "execution_count": 3,
   "metadata": {},
   "outputs": [
    {
     "name": "stdout",
     "output_type": "stream",
     "text": [
      "rank of Hilbert matrix H8 is 8\n"
     ]
    }
   ],
   "source": [
    "rkA=np.linalg.matrix_rank(A)\n",
    "print('rank of Hilbert matrix H8 is',rkA)"
   ]
  },
  {
   "cell_type": "code",
   "execution_count": 4,
   "metadata": {},
   "outputs": [
    {
     "name": "stdout",
     "output_type": "stream",
     "text": [
      "U=\n",
      " [[-7.20271369e-01  6.29483940e-01  2.77547251e-01 -8.65170297e-02\n",
      "   2.06555781e-02 -3.81061057e-03  5.23870235e-04  4.71542510e-05]\n",
      " [-4.32526015e-01 -1.25670852e-01 -6.44928478e-01  5.50138187e-01\n",
      "  -2.66125949e-01  8.57910783e-02 -1.88085602e-02 -2.53458804e-03]\n",
      " [-3.18843646e-01 -2.86419021e-01 -3.35150531e-01 -3.36254015e-01\n",
      "   6.24066040e-01 -4.18791666e-01  1.58002873e-01  3.31729079e-02]\n",
      " [-2.55242887e-01 -3.27570106e-01 -5.13071058e-02 -4.59247709e-01\n",
      "  -3.19535857e-02  5.79709543e-01 -4.94541087e-01 -1.79869242e-01]\n",
      " [-2.13861951e-01 -3.32094295e-01  1.44024125e-01 -2.75649626e-01\n",
      "  -4.19384713e-01  1.23211504e-01  5.66497574e-01  4.85042953e-01]\n",
      " [-1.84519789e-01 -3.23539967e-01  2.72863054e-01 -1.12717212e-02\n",
      "  -3.65529026e-01 -4.18514942e-01  7.46928590e-02 -6.87275630e-01]\n",
      " [-1.62514374e-01 -3.10265782e-01  3.57044203e-01  2.48964114e-01\n",
      "  -1.80069132e-02 -3.52364797e-01 -5.68839935e-01  4.89690166e-01]\n",
      " [-1.45343694e-01 -2.95616626e-01  4.11580765e-01  4.77278388e-01\n",
      "   4.77966125e-01  4.08263364e-01  2.82900642e-01 -1.38308608e-01]]\n",
      "S=\n",
      " [[1.69593900e+00 0.00000000e+00 0.00000000e+00 0.00000000e+00\n",
      "  0.00000000e+00 0.00000000e+00 0.00000000e+00 0.00000000e+00]\n",
      " [0.00000000e+00 2.98125211e-01 0.00000000e+00 0.00000000e+00\n",
      "  0.00000000e+00 0.00000000e+00 0.00000000e+00 0.00000000e+00]\n",
      " [0.00000000e+00 0.00000000e+00 2.62128436e-02 0.00000000e+00\n",
      "  0.00000000e+00 0.00000000e+00 0.00000000e+00 0.00000000e+00]\n",
      " [0.00000000e+00 0.00000000e+00 0.00000000e+00 1.46768812e-03\n",
      "  0.00000000e+00 0.00000000e+00 0.00000000e+00 0.00000000e+00]\n",
      " [0.00000000e+00 0.00000000e+00 0.00000000e+00 0.00000000e+00\n",
      "  5.43694337e-05 0.00000000e+00 0.00000000e+00 0.00000000e+00]\n",
      " [0.00000000e+00 0.00000000e+00 0.00000000e+00 0.00000000e+00\n",
      "  0.00000000e+00 1.29433209e-06 0.00000000e+00 0.00000000e+00]\n",
      " [0.00000000e+00 0.00000000e+00 0.00000000e+00 0.00000000e+00\n",
      "  0.00000000e+00 0.00000000e+00 1.79887375e-08 0.00000000e+00]\n",
      " [0.00000000e+00 0.00000000e+00 0.00000000e+00 0.00000000e+00\n",
      "  0.00000000e+00 0.00000000e+00 0.00000000e+00 1.11153898e-10]]\n",
      "V=\n",
      " [[-7.20271369e-01  6.29483940e-01  2.77547251e-01 -8.65170297e-02\n",
      "   2.06555781e-02 -3.81061057e-03  5.23870235e-04  4.71542507e-05]\n",
      " [-4.32526015e-01 -1.25670852e-01 -6.44928478e-01  5.50138187e-01\n",
      "  -2.66125949e-01  8.57910783e-02 -1.88085602e-02 -2.53458803e-03]\n",
      " [-3.18843646e-01 -2.86419021e-01 -3.35150531e-01 -3.36254015e-01\n",
      "   6.24066040e-01 -4.18791666e-01  1.58002873e-01  3.31729078e-02]\n",
      " [-2.55242887e-01 -3.27570106e-01 -5.13071058e-02 -4.59247709e-01\n",
      "  -3.19535857e-02  5.79709543e-01 -4.94541087e-01 -1.79869242e-01]\n",
      " [-2.13861951e-01 -3.32094295e-01  1.44024125e-01 -2.75649626e-01\n",
      "  -4.19384713e-01  1.23211504e-01  5.66497574e-01  4.85042953e-01]\n",
      " [-1.84519789e-01 -3.23539967e-01  2.72863054e-01 -1.12717212e-02\n",
      "  -3.65529026e-01 -4.18514942e-01  7.46928586e-02 -6.87275630e-01]\n",
      " [-1.62514374e-01 -3.10265782e-01  3.57044203e-01  2.48964114e-01\n",
      "  -1.80069132e-02 -3.52364797e-01 -5.68839935e-01  4.89690166e-01]\n",
      " [-1.45343694e-01 -2.95616626e-01  4.11580765e-01  4.77278388e-01\n",
      "   4.77966125e-01  4.08263364e-01  2.82900642e-01 -1.38308608e-01]]\n"
     ]
    }
   ],
   "source": [
    "U,S,Vt=np.linalg.svd(A)\n",
    "print('U=\\n',U);print('S=\\n',np.diag(S));print('V=\\n',Vt.T)"
   ]
  },
  {
   "cell_type": "code",
   "execution_count": 5,
   "metadata": {},
   "outputs": [
    {
     "name": "stdout",
     "output_type": "stream",
     "text": [
      "[[1.69593900e+00 2.98125211e-01 2.62128436e-02 1.46768812e-03\n",
      "  5.43694337e-05 1.29433209e-06 1.79887375e-08 1.11153898e-10]]\n",
      "Singular value gets really small...\n"
     ]
    }
   ],
   "source": [
    "diagS=np.zeros([1,8])\n",
    "for i in range(0,8):\n",
    "    diagS[0,i]=S[i]\n",
    "print(diagS)\n",
    "print('Singular value gets really small...')"
   ]
  },
  {
   "cell_type": "code",
   "execution_count": 6,
   "metadata": {},
   "outputs": [
    {
     "name": "stdout",
     "output_type": "stream",
     "text": [
      "Condition number of H8 is 15257575547.768784\n",
      "2-norm of the inverse of hilb(8) has very large elements,and its 2-norm is large\n"
     ]
    }
   ],
   "source": [
    "condA=S[0]/S[7]\n",
    "print('Condition number of H8 is',condA)\n",
    "print('2-norm of the inverse of hilb(8) has very large elements,and its 2-norm is large')\n"
   ]
  }
 ],
 "metadata": {
  "kernelspec": {
   "display_name": "base",
   "language": "python",
   "name": "python3"
  },
  "language_info": {
   "codemirror_mode": {
    "name": "ipython",
    "version": 3
   },
   "file_extension": ".py",
   "mimetype": "text/x-python",
   "name": "python",
   "nbconvert_exporter": "python",
   "pygments_lexer": "ipython3",
   "version": "3.9.16"
  },
  "orig_nbformat": 4
 },
 "nbformat": 4,
 "nbformat_minor": 2
}
