{
 "cells": [
  {
   "attachments": {},
   "cell_type": "markdown",
   "metadata": {},
   "source": [
    "# Problem 3.17"
   ]
  },
  {
   "cell_type": "code",
   "execution_count": 10,
   "metadata": {},
   "outputs": [],
   "source": [
    "import numpy as np\n",
    "from sympy import Matrix,pprint\n",
    "\n",
    "#defining rosser matrix\n",
    "A=np.array([[611, 196, -192, 407, -8, -52, -49, 29],\n",
    "   [196, 899, 113, -192, -71, -43, -8, -44],\n",
    "   [-192, 113, 899, 196, 61, 49, 8, 52],\n",
    "   [407, -192, 196, 611, 8, 44, 59, -23],\n",
    "   [-8, -71, 61, 8, 411, -599, 208, 208],\n",
    "   [-52, -43, 49, 44, -599, 411, 208, 208],\n",
    "   [-49, -8, 8, 59, 208, 208, 99, -911],\n",
    "   [29, -44, 52, -23, 208, 208, -911, 99]])\n",
    "\n"
   ]
  },
  {
   "cell_type": "code",
   "execution_count": 11,
   "metadata": {},
   "outputs": [],
   "source": [
    "#This function applies for (m,n) matrix. Elementary row op, with initial entries not normalized to 1\n",
    "def elemrowop(A,m,n):\n",
    "    tempA=A\n",
    "    ref=0\n",
    "    for i in range(0,n):\n",
    "        if(ref>=m):\n",
    "            break\n",
    "        if ((tempA[ref:m,i]==np.zeros((1,m-ref))).all()):\n",
    "            continue\n",
    "        for j in range(ref,m):\n",
    "            if(tempA[j,i]==0):\n",
    "                continue\n",
    "            else:\n",
    "                break\n",
    "        E1=np.eye(m,k=0,dtype=float)\n",
    "        if(ref!=j):\n",
    "            E1[ref,ref]=0;E1[j,j]=0;E1[ref,j]=1;E1[j,ref]=1\n",
    "        tempA=E1@tempA\n",
    "        E2=np.eye(m,k=0,dtype=float)\n",
    "        for j in range(ref+1,m):\n",
    "            E2[j,ref]=-((tempA[j,i])/(tempA[ref,i]))\n",
    "        tempA=E2@tempA\n",
    "        ref+=1\n",
    "    return tempA\n",
    "\n",
    "#Function for rank of (m,n) matrix\n",
    "def rank(A,m,n):\n",
    "    tempA=A\n",
    "    rankA=0\n",
    "    for i in range(0,m):\n",
    "        for j in range(0,n):\n",
    "            if(abs(tempA[i,j])<=1e-10):tempA[i,j]=0\n",
    "    if(m>=n):\n",
    "        for i in range(0,m):\n",
    "            if((tempA[i,:]!=np.zeros((1,n),dtype=float)).any()):\n",
    "                rankA+=1\n",
    "    else:\n",
    "        for j in range(0,n):\n",
    "            if((tempA[:,j]!=np.zeros((1,m),dtype=float)).any()):\n",
    "                rankA+=1\n",
    "    return rankA"
   ]
  },
  {
   "attachments": {},
   "cell_type": "markdown",
   "metadata": {},
   "source": [
    "## (a)"
   ]
  },
  {
   "cell_type": "code",
   "execution_count": 12,
   "metadata": {},
   "outputs": [
    {
     "name": "stdout",
     "output_type": "stream",
     "text": [
      "rosser matrix is rank deficient\n",
      "rank of rosser matrix is 7\n"
     ]
    }
   ],
   "source": [
    "temp=elemrowop(A,8,8)\n",
    "rank=rank(temp,8,8)\n",
    "if(rank!=8):    \n",
    "    print('rosser matrix is rank deficient')\n",
    "    print('rank of rosser matrix is %d'%(rank))\n",
    "else:print('rosser matrix is in full rank of 8')"
   ]
  },
  {
   "attachments": {},
   "cell_type": "markdown",
   "metadata": {},
   "source": [
    "## (b)"
   ]
  },
  {
   "cell_type": "code",
   "execution_count": 13,
   "metadata": {},
   "outputs": [
    {
     "ename": "NonInvertibleMatrixError",
     "evalue": "Matrix det == 0; not invertible.",
     "output_type": "error",
     "traceback": [
      "\u001b[0;31m---------------------------------------------------------------------------\u001b[0m",
      "\u001b[0;31mNonInvertibleMatrixError\u001b[0m                  Traceback (most recent call last)",
      "\u001b[0;32m/tmp/ipykernel_5508/3891522615.py\u001b[0m in \u001b[0;36m<module>\u001b[0;34m\u001b[0m\n\u001b[1;32m      1\u001b[0m \u001b[0msymA\u001b[0m\u001b[0;34m=\u001b[0m\u001b[0mMatrix\u001b[0m\u001b[0;34m(\u001b[0m\u001b[0mA\u001b[0m\u001b[0;34m)\u001b[0m\u001b[0;34m\u001b[0m\u001b[0;34m\u001b[0m\u001b[0m\n\u001b[0;32m----> 2\u001b[0;31m \u001b[0minvsymA\u001b[0m\u001b[0;34m=\u001b[0m\u001b[0msymA\u001b[0m\u001b[0;34m.\u001b[0m\u001b[0minv\u001b[0m\u001b[0;34m(\u001b[0m\u001b[0;34m'GE'\u001b[0m\u001b[0;34m)\u001b[0m\u001b[0;34m\u001b[0m\u001b[0;34m\u001b[0m\u001b[0m\n\u001b[0m\u001b[1;32m      3\u001b[0m \u001b[0mprint\u001b[0m\u001b[0;34m(\u001b[0m\u001b[0minvsymA\u001b[0m\u001b[0;34m)\u001b[0m\u001b[0;34m\u001b[0m\u001b[0;34m\u001b[0m\u001b[0m\n",
      "\u001b[0;32m~/anaconda3/lib/python3.9/site-packages/sympy/matrices/matrices.py\u001b[0m in \u001b[0;36minv\u001b[0;34m(self, method, iszerofunc, try_block_diag)\u001b[0m\n\u001b[1;32m   2221\u001b[0m \u001b[0;34m\u001b[0m\u001b[0m\n\u001b[1;32m   2222\u001b[0m     \u001b[0;32mdef\u001b[0m \u001b[0minv\u001b[0m\u001b[0;34m(\u001b[0m\u001b[0mself\u001b[0m\u001b[0;34m,\u001b[0m \u001b[0mmethod\u001b[0m\u001b[0;34m=\u001b[0m\u001b[0;32mNone\u001b[0m\u001b[0;34m,\u001b[0m \u001b[0miszerofunc\u001b[0m\u001b[0;34m=\u001b[0m\u001b[0m_iszero\u001b[0m\u001b[0;34m,\u001b[0m \u001b[0mtry_block_diag\u001b[0m\u001b[0;34m=\u001b[0m\u001b[0;32mFalse\u001b[0m\u001b[0;34m)\u001b[0m\u001b[0;34m:\u001b[0m\u001b[0;34m\u001b[0m\u001b[0;34m\u001b[0m\u001b[0m\n\u001b[0;32m-> 2223\u001b[0;31m         return _inv(self, method=method, iszerofunc=iszerofunc,\n\u001b[0m\u001b[1;32m   2224\u001b[0m                 try_block_diag=try_block_diag)\n\u001b[1;32m   2225\u001b[0m \u001b[0;34m\u001b[0m\u001b[0m\n",
      "\u001b[0;32m~/anaconda3/lib/python3.9/site-packages/sympy/matrices/inverse.py\u001b[0m in \u001b[0;36m_inv\u001b[0;34m(M, method, iszerofunc, try_block_diag)\u001b[0m\n\u001b[1;32m    457\u001b[0m \u001b[0;34m\u001b[0m\u001b[0m\n\u001b[1;32m    458\u001b[0m     \u001b[0;32mif\u001b[0m \u001b[0mmethod\u001b[0m \u001b[0;34m==\u001b[0m \u001b[0;34m\"GE\"\u001b[0m\u001b[0;34m:\u001b[0m\u001b[0;34m\u001b[0m\u001b[0;34m\u001b[0m\u001b[0m\n\u001b[0;32m--> 459\u001b[0;31m         \u001b[0mrv\u001b[0m \u001b[0;34m=\u001b[0m \u001b[0mM\u001b[0m\u001b[0;34m.\u001b[0m\u001b[0minverse_GE\u001b[0m\u001b[0;34m(\u001b[0m\u001b[0miszerofunc\u001b[0m\u001b[0;34m=\u001b[0m\u001b[0miszerofunc\u001b[0m\u001b[0;34m)\u001b[0m\u001b[0;34m\u001b[0m\u001b[0;34m\u001b[0m\u001b[0m\n\u001b[0m\u001b[1;32m    460\u001b[0m     \u001b[0;32melif\u001b[0m \u001b[0mmethod\u001b[0m \u001b[0;34m==\u001b[0m \u001b[0;34m\"LU\"\u001b[0m\u001b[0;34m:\u001b[0m\u001b[0;34m\u001b[0m\u001b[0;34m\u001b[0m\u001b[0m\n\u001b[1;32m    461\u001b[0m         \u001b[0mrv\u001b[0m \u001b[0;34m=\u001b[0m \u001b[0mM\u001b[0m\u001b[0;34m.\u001b[0m\u001b[0minverse_LU\u001b[0m\u001b[0;34m(\u001b[0m\u001b[0miszerofunc\u001b[0m\u001b[0;34m=\u001b[0m\u001b[0miszerofunc\u001b[0m\u001b[0;34m)\u001b[0m\u001b[0;34m\u001b[0m\u001b[0;34m\u001b[0m\u001b[0m\n",
      "\u001b[0;32m~/anaconda3/lib/python3.9/site-packages/sympy/matrices/matrices.py\u001b[0m in \u001b[0;36minverse_GE\u001b[0;34m(self, iszerofunc)\u001b[0m\n\u001b[1;32m   2206\u001b[0m \u001b[0;34m\u001b[0m\u001b[0m\n\u001b[1;32m   2207\u001b[0m     \u001b[0;32mdef\u001b[0m \u001b[0minverse_GE\u001b[0m\u001b[0;34m(\u001b[0m\u001b[0mself\u001b[0m\u001b[0;34m,\u001b[0m \u001b[0miszerofunc\u001b[0m\u001b[0;34m=\u001b[0m\u001b[0m_iszero\u001b[0m\u001b[0;34m)\u001b[0m\u001b[0;34m:\u001b[0m\u001b[0;34m\u001b[0m\u001b[0;34m\u001b[0m\u001b[0m\n\u001b[0;32m-> 2208\u001b[0;31m         \u001b[0;32mreturn\u001b[0m \u001b[0m_inv_GE\u001b[0m\u001b[0;34m(\u001b[0m\u001b[0mself\u001b[0m\u001b[0;34m,\u001b[0m \u001b[0miszerofunc\u001b[0m\u001b[0;34m=\u001b[0m\u001b[0miszerofunc\u001b[0m\u001b[0;34m)\u001b[0m\u001b[0;34m\u001b[0m\u001b[0;34m\u001b[0m\u001b[0m\n\u001b[0m\u001b[1;32m   2209\u001b[0m \u001b[0;34m\u001b[0m\u001b[0m\n\u001b[1;32m   2210\u001b[0m     \u001b[0;32mdef\u001b[0m \u001b[0minverse_LU\u001b[0m\u001b[0;34m(\u001b[0m\u001b[0mself\u001b[0m\u001b[0;34m,\u001b[0m \u001b[0miszerofunc\u001b[0m\u001b[0;34m=\u001b[0m\u001b[0m_iszero\u001b[0m\u001b[0;34m)\u001b[0m\u001b[0;34m:\u001b[0m\u001b[0;34m\u001b[0m\u001b[0;34m\u001b[0m\u001b[0m\n",
      "\u001b[0;32m~/anaconda3/lib/python3.9/site-packages/sympy/matrices/inverse.py\u001b[0m in \u001b[0;36m_inv_GE\u001b[0;34m(M, iszerofunc)\u001b[0m\n\u001b[1;32m    243\u001b[0m \u001b[0;34m\u001b[0m\u001b[0m\n\u001b[1;32m    244\u001b[0m     \u001b[0;32mif\u001b[0m \u001b[0many\u001b[0m\u001b[0;34m(\u001b[0m\u001b[0miszerofunc\u001b[0m\u001b[0;34m(\u001b[0m\u001b[0mred\u001b[0m\u001b[0;34m[\u001b[0m\u001b[0mj\u001b[0m\u001b[0;34m,\u001b[0m \u001b[0mj\u001b[0m\u001b[0;34m]\u001b[0m\u001b[0;34m)\u001b[0m \u001b[0;32mfor\u001b[0m \u001b[0mj\u001b[0m \u001b[0;32min\u001b[0m \u001b[0mrange\u001b[0m\u001b[0;34m(\u001b[0m\u001b[0mred\u001b[0m\u001b[0;34m.\u001b[0m\u001b[0mrows\u001b[0m\u001b[0;34m)\u001b[0m\u001b[0;34m)\u001b[0m\u001b[0;34m:\u001b[0m\u001b[0;34m\u001b[0m\u001b[0;34m\u001b[0m\u001b[0m\n\u001b[0;32m--> 245\u001b[0;31m         \u001b[0;32mraise\u001b[0m \u001b[0mNonInvertibleMatrixError\u001b[0m\u001b[0;34m(\u001b[0m\u001b[0;34m\"Matrix det == 0; not invertible.\"\u001b[0m\u001b[0;34m)\u001b[0m\u001b[0;34m\u001b[0m\u001b[0;34m\u001b[0m\u001b[0m\n\u001b[0m\u001b[1;32m    246\u001b[0m \u001b[0;34m\u001b[0m\u001b[0m\n\u001b[1;32m    247\u001b[0m     \u001b[0;32mreturn\u001b[0m \u001b[0mM\u001b[0m\u001b[0;34m.\u001b[0m\u001b[0m_new\u001b[0m\u001b[0;34m(\u001b[0m\u001b[0mred\u001b[0m\u001b[0;34m[\u001b[0m\u001b[0;34m:\u001b[0m\u001b[0;34m,\u001b[0m \u001b[0mbig\u001b[0m\u001b[0;34m.\u001b[0m\u001b[0mrows\u001b[0m\u001b[0;34m:\u001b[0m\u001b[0;34m]\u001b[0m\u001b[0;34m)\u001b[0m\u001b[0;34m\u001b[0m\u001b[0;34m\u001b[0m\u001b[0m\n",
      "\u001b[0;31mNonInvertibleMatrixError\u001b[0m: Matrix det == 0; not invertible."
     ]
    }
   ],
   "source": [
    "symA=Matrix(A)\n",
    "invsymA=symA.inv('GE')\n",
    "print(invsymA)\n"
   ]
  },
  {
   "cell_type": "code",
   "execution_count": 16,
   "metadata": {},
   "outputs": [
    {
     "name": "stdout",
     "output_type": "stream",
     "text": [
      "[[ 2.00033592e+10  4.00067184e+10 -4.00067184e+10 -2.00033592e+10\n",
      "   2.80047029e+11  2.80047029e+11  1.40023514e+11  1.40023514e+11]\n",
      " [ 4.00067184e+10  8.00134368e+10 -8.00134368e+10 -4.00067184e+10\n",
      "   5.60094058e+11  5.60094058e+11  2.80047029e+11  2.80047029e+11]\n",
      " [-4.00067184e+10 -8.00134368e+10  8.00134368e+10  4.00067184e+10\n",
      "  -5.60094058e+11 -5.60094058e+11 -2.80047029e+11 -2.80047029e+11]\n",
      " [-2.00033592e+10 -4.00067184e+10  4.00067184e+10  2.00033592e+10\n",
      "  -2.80047029e+11 -2.80047029e+11 -1.40023514e+11 -1.40023514e+11]\n",
      " [ 2.80047029e+11  5.60094058e+11 -5.60094058e+11 -2.80047029e+11\n",
      "   3.92065840e+12  3.92065840e+12  1.96032920e+12  1.96032920e+12]\n",
      " [ 2.80047029e+11  5.60094058e+11 -5.60094058e+11 -2.80047029e+11\n",
      "   3.92065840e+12  3.92065840e+12  1.96032920e+12  1.96032920e+12]\n",
      " [ 1.40023514e+11  2.80047029e+11 -2.80047029e+11 -1.40023514e+11\n",
      "   1.96032920e+12  1.96032920e+12  9.80164601e+11  9.80164601e+11]\n",
      " [ 1.40023514e+11  2.80047029e+11 -2.80047029e+11 -1.40023514e+11\n",
      "   1.96032920e+12  1.96032920e+12  9.80164601e+11  9.80164601e+11]]\n"
     ]
    }
   ],
   "source": [
    "invA=np.linalg.inv(A)\n",
    "print(invA)"
   ]
  },
  {
   "attachments": {},
   "cell_type": "markdown",
   "metadata": {},
   "source": [
    "### Sympy toolbox calculation and numpy inverse calculation showns huge difference. Sympy toolbox shows result as a error, for inverse matrix does not exist. But numpy inverse matrix function showns a actual result, containing elements with huge order. This contradiction can be analyzed as floating number calculation error."
   ]
  },
  {
   "attachments": {},
   "cell_type": "markdown",
   "metadata": {},
   "source": [
    "## (C)"
   ]
  },
  {
   "cell_type": "code",
   "execution_count": 5,
   "metadata": {},
   "outputs": [
    {
     "name": "stdout",
     "output_type": "stream",
     "text": [
      "rosser matrix is symmetric\n"
     ]
    }
   ],
   "source": [
    "At=np.transpose(A)\n",
    "if((A==At).all()):\n",
    "    print('rosser matrix is symmetric')\n",
    "else:\n",
    "    print('rosser matrix is nonsymmetric')"
   ]
  }
 ],
 "metadata": {
  "kernelspec": {
   "display_name": "base",
   "language": "python",
   "name": "python3"
  },
  "language_info": {
   "codemirror_mode": {
    "name": "ipython",
    "version": 3
   },
   "file_extension": ".py",
   "mimetype": "text/x-python",
   "name": "python",
   "nbconvert_exporter": "python",
   "pygments_lexer": "ipython3",
   "version": "3.9.13"
  },
  "orig_nbformat": 4
 },
 "nbformat": 4,
 "nbformat_minor": 2
}
